Manhattan metric: 35 -> cost = 35
 1  2  3  4 11  5 
 7  8  9 10  6 12 
14 19 21 15 22 16 
13 26 20 23 35 17 
25 32 27 34 29  0 
31 33 28 30 24 18 

1. Move: (5,5)->(5,4)
Manhattan metric: 34 -> cost = 35
 1  2  3  4 11  5 
 7  8  9 10  6 12 
14 19 21 15 22 16 
13 26 20 23 35 17 
25 32 27 34 29 18 
31 33 28 30 24  0 

2. Move: (4,5)->(5,5)
Manhattan metric: 33 -> cost = 35
 1  2  3  4 11  5 
 7  8  9 10  6 12 
14 19 21 15 22 16 
13 26 20 23 35 17 
25 32 27 34 29 18 
31 33 28 30  0 24 

3. Move: (3,5)->(4,5)
Manhattan metric: 32 -> cost = 35
 1  2  3  4 11  5 
 7  8  9 10  6 12 
14 19 21 15 22 16 
13 26 20 23 35 17 
25 32 27 34 29 18 
31 33 28  0 30 24 

4. Move: (3,4)->(3,5)
Manhattan metric: 31 -> cost = 35
 1  2  3  4 11  5 
 7  8  9 10  6 12 
14 19 21 15 22 16 
13 26 20 23 35 17 
25 32 27  0 29 18 
31 33 28 34 30 24 

5. Move: (2,4)->(3,4)
Manhattan metric: 32 -> cost = 37
 1  2  3  4 11  5 
 7  8  9 10  6 12 
14 19 21 15 22 16 
13 26 20 23 35 17 
25 32  0 27 29 18 
31 33 28 34 30 24 

6. Move: (2,5)->(2,4)
Manhattan metric: 31 -> cost = 37
 1  2  3  4 11  5 
 7  8  9 10  6 12 
14 19 21 15 22 16 
13 26 20 23 35 17 
25 32 28 27 29 18 
31 33  0 34 30 24 

7. Move: (1,5)->(2,5)
Manhattan metric: 30 -> cost = 37
 1  2  3  4 11  5 
 7  8  9 10  6 12 
14 19 21 15 22 16 
13 26 20 23 35 17 
25 32 28 27 29 18 
31  0 33 34 30 24 

8. Move: (1,4)->(1,5)
Manhattan metric: 29 -> cost = 37
 1  2  3  4 11  5 
 7  8  9 10  6 12 
14 19 21 15 22 16 
13 26 20 23 35 17 
25  0 28 27 29 18 
31 32 33 34 30 24 

9. Move: (1,3)->(1,4)
Manhattan metric: 28 -> cost = 37
 1  2  3  4 11  5 
 7  8  9 10  6 12 
14 19 21 15 22 16 
13  0 20 23 35 17 
25 26 28 27 29 18 
31 32 33 34 30 24 

10. Move: (1,2)->(1,3)
Manhattan metric: 27 -> cost = 37
 1  2  3  4 11  5 
 7  8  9 10  6 12 
14  0 21 15 22 16 
13 19 20 23 35 17 
25 26 28 27 29 18 
31 32 33 34 30 24 

11. Move: (0,2)->(1,2)
Manhattan metric: 26 -> cost = 37
 1  2  3  4 11  5 
 7  8  9 10  6 12 
 0 14 21 15 22 16 
13 19 20 23 35 17 
25 26 28 27 29 18 
31 32 33 34 30 24 

12. Move: (0,3)->(0,2)
Manhattan metric: 25 -> cost = 37
 1  2  3  4 11  5 
 7  8  9 10  6 12 
13 14 21 15 22 16 
 0 19 20 23 35 17 
25 26 28 27 29 18 
31 32 33 34 30 24 

13. Move: (1,3)->(0,3)
Manhattan metric: 24 -> cost = 37
 1  2  3  4 11  5 
 7  8  9 10  6 12 
13 14 21 15 22 16 
19  0 20 23 35 17 
25 26 28 27 29 18 
31 32 33 34 30 24 

14. Move: (2,3)->(1,3)
Manhattan metric: 23 -> cost = 37
 1  2  3  4 11  5 
 7  8  9 10  6 12 
13 14 21 15 22 16 
19 20  0 23 35 17 
25 26 28 27 29 18 
31 32 33 34 30 24 

15. Move: (2,4)->(2,3)
Manhattan metric: 24 -> cost = 39
 1  2  3  4 11  5 
 7  8  9 10  6 12 
13 14 21 15 22 16 
19 20 28 23 35 17 
25 26  0 27 29 18 
31 32 33 34 30 24 

16. Move: (3,4)->(2,4)
Manhattan metric: 23 -> cost = 39
 1  2  3  4 11  5 
 7  8  9 10  6 12 
13 14 21 15 22 16 
19 20 28 23 35 17 
25 26 27  0 29 18 
31 32 33 34 30 24 

17. Move: (4,4)->(3,4)
Manhattan metric: 24 -> cost = 41
 1  2  3  4 11  5 
 7  8  9 10  6 12 
13 14 21 15 22 16 
19 20 28 23 35 17 
25 26 27 29  0 18 
31 32 33 34 30 24 

18. Move: (4,3)->(4,4)
Manhattan metric: 23 -> cost = 41
 1  2  3  4 11  5 
 7  8  9 10  6 12 
13 14 21 15 22 16 
19 20 28 23  0 17 
25 26 27 29 35 18 
31 32 33 34 30 24 

19. Move: (3,3)->(4,3)
Manhattan metric: 22 -> cost = 41
 1  2  3  4 11  5 
 7  8  9 10  6 12 
13 14 21 15 22 16 
19 20 28  0 23 17 
25 26 27 29 35 18 
31 32 33 34 30 24 

20. Move: (2,3)->(3,3)
Manhattan metric: 21 -> cost = 41
 1  2  3  4 11  5 
 7  8  9 10  6 12 
13 14 21 15 22 16 
19 20  0 28 23 17 
25 26 27 29 35 18 
31 32 33 34 30 24 

21. Move: (2,2)->(2,3)
Manhattan metric: 20 -> cost = 41
 1  2  3  4 11  5 
 7  8  9 10  6 12 
13 14  0 15 22 16 
19 20 21 28 23 17 
25 26 27 29 35 18 
31 32 33 34 30 24 

22. Move: (3,2)->(2,2)
Manhattan metric: 19 -> cost = 41
 1  2  3  4 11  5 
 7  8  9 10  6 12 
13 14 15  0 22 16 
19 20 21 28 23 17 
25 26 27 29 35 18 
31 32 33 34 30 24 

23. Move: (4,2)->(3,2)
Manhattan metric: 18 -> cost = 41
 1  2  3  4 11  5 
 7  8  9 10  6 12 
13 14 15 22  0 16 
19 20 21 28 23 17 
25 26 27 29 35 18 
31 32 33 34 30 24 

24. Move: (5,2)->(4,2)
Manhattan metric: 17 -> cost = 41
 1  2  3  4 11  5 
 7  8  9 10  6 12 
13 14 15 22 16  0 
19 20 21 28 23 17 
25 26 27 29 35 18 
31 32 33 34 30 24 

25. Move: (5,1)->(5,2)
Manhattan metric: 18 -> cost = 43
 1  2  3  4 11  5 
 7  8  9 10  6  0 
13 14 15 22 16 12 
19 20 21 28 23 17 
25 26 27 29 35 18 
31 32 33 34 30 24 

26. Move: (4,1)->(5,1)
Manhattan metric: 17 -> cost = 43
 1  2  3  4 11  5 
 7  8  9 10  0  6 
13 14 15 22 16 12 
19 20 21 28 23 17 
25 26 27 29 35 18 
31 32 33 34 30 24 

27. Move: (4,0)->(4,1)
Manhattan metric: 16 -> cost = 43
 1  2  3  4  0  5 
 7  8  9 10 11  6 
13 14 15 22 16 12 
19 20 21 28 23 17 
25 26 27 29 35 18 
31 32 33 34 30 24 

28. Move: (5,0)->(4,0)
Manhattan metric: 15 -> cost = 43
 1  2  3  4  5  0 
 7  8  9 10 11  6 
13 14 15 22 16 12 
19 20 21 28 23 17 
25 26 27 29 35 18 
31 32 33 34 30 24 

29. Move: (5,1)->(5,0)
Manhattan metric: 14 -> cost = 43
 1  2  3  4  5  6 
 7  8  9 10 11  0 
13 14 15 22 16 12 
19 20 21 28 23 17 
25 26 27 29 35 18 
31 32 33 34 30 24 

30. Move: (5,2)->(5,1)
Manhattan metric: 13 -> cost = 43
 1  2  3  4  5  6 
 7  8  9 10 11 12 
13 14 15 22 16  0 
19 20 21 28 23 17 
25 26 27 29 35 18 
31 32 33 34 30 24 

31. Move: (5,3)->(5,2)
Manhattan metric: 12 -> cost = 43
 1  2  3  4  5  6 
 7  8  9 10 11 12 
13 14 15 22 16 17 
19 20 21 28 23  0 
25 26 27 29 35 18 
31 32 33 34 30 24 

32. Move: (5,4)->(5,3)
Manhattan metric: 11 -> cost = 43
 1  2  3  4  5  6 
 7  8  9 10 11 12 
13 14 15 22 16 17 
19 20 21 28 23 18 
25 26 27 29 35  0 
31 32 33 34 30 24 

33. Move: (5,5)->(5,4)
Manhattan metric: 10 -> cost = 43
 1  2  3  4  5  6 
 7  8  9 10 11 12 
13 14 15 22 16 17 
19 20 21 28 23 18 
25 26 27 29 35 24 
31 32 33 34 30  0 

34. Move: (4,5)->(5,5)
Manhattan metric: 9 -> cost = 43
 1  2  3  4  5  6 
 7  8  9 10 11 12 
13 14 15 22 16 17 
19 20 21 28 23 18 
25 26 27 29 35 24 
31 32 33 34  0 30 

35. Move: (4,4)->(4,5)
Manhattan metric: 8 -> cost = 43
 1  2  3  4  5  6 
 7  8  9 10 11 12 
13 14 15 22 16 17 
19 20 21 28 23 18 
25 26 27 29  0 24 
31 32 33 34 35 30 

36. Move: (3,4)->(4,4)
Manhattan metric: 7 -> cost = 43
 1  2  3  4  5  6 
 7  8  9 10 11 12 
13 14 15 22 16 17 
19 20 21 28 23 18 
25 26 27  0 29 24 
31 32 33 34 35 30 

37. Move: (3,3)->(3,4)
Manhattan metric: 6 -> cost = 43
 1  2  3  4  5  6 
 7  8  9 10 11 12 
13 14 15 22 16 17 
19 20 21  0 23 18 
25 26 27 28 29 24 
31 32 33 34 35 30 

38. Move: (3,2)->(3,3)
Manhattan metric: 5 -> cost = 43
 1  2  3  4  5  6 
 7  8  9 10 11 12 
13 14 15  0 16 17 
19 20 21 22 23 18 
25 26 27 28 29 24 
31 32 33 34 35 30 

39. Move: (4,2)->(3,2)
Manhattan metric: 4 -> cost = 43
 1  2  3  4  5  6 
 7  8  9 10 11 12 
13 14 15 16  0 17 
19 20 21 22 23 18 
25 26 27 28 29 24 
31 32 33 34 35 30 

40. Move: (5,2)->(4,2)
Manhattan metric: 3 -> cost = 43
 1  2  3  4  5  6 
 7  8  9 10 11 12 
13 14 15 16 17  0 
19 20 21 22 23 18 
25 26 27 28 29 24 
31 32 33 34 35 30 

41. Move: (5,3)->(5,2)
Manhattan metric: 2 -> cost = 43
 1  2  3  4  5  6 
 7  8  9 10 11 12 
13 14 15 16 17 18 
19 20 21 22 23  0 
25 26 27 28 29 24 
31 32 33 34 35 30 

42. Move: (5,4)->(5,3)
Manhattan metric: 1 -> cost = 43
 1  2  3  4  5  6 
 7  8  9 10 11 12 
13 14 15 16 17 18 
19 20 21 22 23 24 
25 26 27 28 29  0 
31 32 33 34 35 30 

43. Move: (5,5)->(5,4)
Solved board:
 1  2  3  4  5  6 
 7  8  9 10 11 12 
13 14 15 16 17 18 
19 20 21 22 23 24 
25 26 27 28 29 30 
31 32 33 34 35  0 
